Stages,Production_Capacity(GPD),UV,Usable_Person,Storage_Capcity(Litre),Price,rating
4,32,0,10,9,3499,5
4,9.5,0,10,24,2826,4.5
6,100,0,5,13.2,8190,5
5,100,0,140,15.8987,15500,4
6,100,0,140,15.8987,16500,0
6,100,0,140,12.11,23990,0
5,75,0,105,12.11,13990,0
6,100,0,140,12.11,25550,0
5,75,1,105,9.5,18500,0
5,75,0,105,9.5,17500,0
5,60,1,2000,0,7500,0
5,75,1,8,12,12500,0
6,75,0,105,12,13500,0
5,60,0,82,7,15500,0
6,75,0,105,12.16,15000,0
5,75,0,105,12.16,13500,0
5,75,0,105,12.16,15550,0
7,75,0,105,12.16,14500,0
7,75,0,105,12.6,13500,0
5,75,0,105,10.7,18500,0
5,75,0,105,10.7,19500,0
5,50,0,70,10,13650,0
7,100,0,10,15,42800,0
6,100,0,10,15,39500,0
7,75,0,10,15,18500,0
2,115,0,15,13,27500,0
4,76,0,10,12,22000,0
3,115,0,15,12,19500,0
3,75,0,10,9.4,44900,0
6,75,0,10,1.2,30900,0
6,95,0,13,5,20900,0
8,95,0,13,9,25900,0
7,95,0,15,10,33900,0
4,20,0,10,7,17990,0
4,190,0,15,11,1890,0
4,72,1,10,0,15500,0
4,72,0,10,0,12500,0
7,95,1,15,7,21500,0
8,95,1,15,6,23500,0
3,380,1,110,0,10500,0
6,95,1,15,9,24000,0
6,95,1,25,7,23000,0
6,76,0,12,0,75000,0
5,100,0,20,10,85000,0
6,100,0,20,18,90000,0
5,100,0,18,0,48500,0
6,50,0,10,6,18000,0
5,50,0,12,13,30000,0
3,3174.6,0,500,50,100000,0
3,6350,0,1000,200,399999,0
7,100,0,20,10,70000,0
6,400,0,60,20,55000,0
5,100,0,20,12,17000,0
6,50,0,12,15,49000,0
6,200,0,11,30,45000,0
6,200,0,11,30,45000,0
5,400,0,11,60,40500,0
5,200,0,11,30,42500,0
5,50,0,12,13,48000,0
5,400,0,11,60,30500,0
6,100,0,5.2,15,38500,0
4,720,1,25,0,12500,0
4,720,1,60,0,10500,0
5,1000,1,120,0,6500,0
6,1000,1,120,0,6000,0
5,1000,1,150,0,6500,5
5,1000,1,150,3000,6100,0
6,50,0,10,15,23500,0
5,50,0,15,20,23500,0
7,100,0,15,20,21500,0
6,50,0,15,15,22500,0
5,127,0,20,20,23000,5
8,80,0,20,6,25500,0
6,50,0,12,15,22500,0
5,50,0,12,15,23500,0
5,50,0,15,24,24500,0
6,100,0,20,12,22500,0
5,75,0,15,8.5,25000,0
5,75,0,10,10,21990,0
8,76,0,12,12,11500,0
4,76,1,12,8.5,14500,0
6,100,0,15,15.12,14500,5
5,100,0,15,15.12,12500,5
6,64,0,10,16,12999,5
3,100,0,16,3.2,16500,0
6,60,0,12,12,11500,0
5,100,0,15,3.2,15500,0
5,50,0,13,12,16500,0
5,50,0,12,2,18000,5
5,50,0,10,3.2,18500,5
6,50,0,10,3.2,18000,0
3,50,0,10,15,14500,0
3,50,0,10,3.2,14500,0
6,75,0,15,15.12,14500,0
4,100,0,12,0,3200,1
5,50,0,10,0,4500,5
5,100,0,20,12,12000,0
6,50,0,12,15,39000,0
6,200,0,11,30,48000,0
6,200,0,10,30,46000,0